        [38;2;0;93;255mv[38;2;0;102;255mi[38;2;0;110;255mc[38;2;0;119;255mk[38;2;0;127;255my[38;2;0;135;255mv[38;2;0;144;255mi[38;2;0;153;255mc[38;2;0;161;255mk[38;2;0;169;255my[38;2;0;178;255mv[38;2;0;186;255mi[38;2;0;195;255mc
    [38;2;0;72;255mk[38;2;0;81;255my[38;2;0;89;255mv[38;2;0;98;255mi[38;2;0;107;255mc[38;2;0;115;255mk[38;2;0;124;255my[38;2;0;132;255mv[38;2;0;140;255mi[38;2;0;149;255mc[38;2;0;158;255mk[38;2;0;166;255my[38;2;0;174;255mv[38;2;0;183;255mi[38;2;0;191;255mc[38;2;0;200;255mk[38;2;0;208;255my[38;2;0;217;255mv[38;2;0;225;255mi
  [38;2;0;69;255mc[38;2;0;77;255mk[38;2;0;86;255my[38;2;0;94;255mv[38;2;0;103;255mi[38;2;0;112;255mc[38;2;0;120;255mk        [38;2;0;196;255my[38;2;0;205;255mv[38;2;0;213;255mi[38;2;0;222;255mc[38;2;0;230;255mk[38;2;0;239;255my[38;2;0;248;255mv[38;2;0;255;253mi[38;2;0;255;245mc
 [38;2;0;74;255mk[38;2;0;82;255my[38;2;0;91;255mv[38;2;0;100;255mi[38;2;0;108;255mc              [38;2;0;235;255mk[38;2;0;244;255my[38;2;0;253;255mv[38;2;0;255;248mi[38;2;0;255;240mc
[38;2;0;79;255mk[38;2;0;87;255my[38;2;0;96;255mv[38;2;0;105;255mi[38;2;0;113;255mc       [38;2;0;181;255mk[38;2;0;189;255my[38;2;0;198;255mv[38;2;0;206;255mi[38;2;0;215;255mc     [38;2;0;255;243mk[38;2;0;255;235my[38;2;0;255;226mv[38;2;0;255;218mi[38;2;0;255;209mc
[38;2;0;92;255mk[38;2;0;101;255my[38;2;0;110;255mv[38;2;0;118;255mi[38;2;0;127;255mc     [38;2;0;177;255mk[38;2;0;186;255my[38;2;0;195;255mv[38;2;0;203;255mi[38;2;0;211;255mc   [38;2;0;246;255mk    [38;2;0;255;221my[38;2;0;255;212mv[38;2;0;255;204mi
 [38;2;0;115;255mc[38;2;0;123;255mk[38;2;0;131;255my      [38;2;0;191;255mv[38;2;0;199;255mi[38;2;0;208;255mc     [38;2;0;255;250mk    [38;2;0;255;207my[38;2;0;255;199mv[38;2;0;255;191mi
 [38;2;0;128;255mc[38;2;0;136;255mk[38;2;0;145;255my      [38;2;0;204;255mv[38;2;0;213;255mi[38;2;0;221;255mc   [38;2;0;255;254mk    [38;2;0;255;211my[38;2;0;255;202mv[38;2;0;255;194mi[38;2;0;255;186mc[38;2;0;255;177mk
 [38;2;0;142;255my[38;2;0;150;255mv[38;2;0;159;255mi      [38;2;0;218;255mc[38;2;0;226;255mk[38;2;0;235;255my[38;2;0;244;255mv[38;2;0;252;255mi   [38;2;0;255;223mc[38;2;0;255;214mk[38;2;0;255;206my[38;2;0;255;197mv[38;2;0;255;189mi[38;2;0;255;181mc
 [38;2;0;155;255mk[38;2;0;163;255my[38;2;0;172;255mv[38;2;0;180;255mi    [38;2;0;223;255mc[38;2;0;231;255mk[38;2;0;240;255my[38;2;0;249;255mv[38;2;0;255;252mi[38;2;0;255;244mc[38;2;0;255;235mk[38;2;0;255;227my[38;2;0;255;218mv[38;2;0;255;209mi[38;2;0;255;201mc[38;2;0;255;193mk
 [38;2;0;168;255my[38;2;0;177;255mv[38;2;0;185;255mi[38;2;0;194;255mc      [38;2;0;254;255mk[38;2;0;255;247my[38;2;0;255;239mv[38;2;0;255;230mi[38;2;0;255;222mc
  [38;2;0;190;255mk[38;2;0;199;255my[38;2;0;207;255mv[38;2;0;216;255mi[38;2;0;224;255mc
   [38;2;0;212;255mk[38;2;0;221;255my[38;2;0;229;255mv[38;2;0;238;255mi[38;2;0;247;255mc
     [38;2;0;243;255mk[38;2;0;252;255my[38;2;0;255;249mv[38;2;0;255;241mi[38;2;0;255;232mc
       [38;2;0;255;236mk[38;2;0;255;227my[38;2;0;255;219mv[38;2;0;255;210mi[38;2;0;255;201mc[38;2;0;255;193mk
         [38;2;0;255;205my[38;2;0;255;196mv[38;2;0;255;188mi[38;2;0;255;180mc[38;2;0;255;171mk[38;2;0;255;163my[38;2;0;255;154mv
             [38;2;0;255;158mi[38;2;0;255;149mc[38;2;0;255;141mk[38;2;0;255;132my[38;2;0;255;124mv
[0m